  1  0  15   2     579   0       .
  1  0 145  47    4406 377  294556
  1  0 184   6    1213   4   22152
  1  0 226   9    1949   5     882
  1  0 231   6    1777   1   67395
  1  0 385   4    2191   1    8869
  1  0 471   2     356   0       .
  1  0 518  15    1079   8   39694
  1  0 539   2     460   0       .
  1  0 597   3     457   1   16320
  1  1  15   1     365   0       .
  1  1 145 108   12717 402 1330610
  1  1 158   1     366   0       .
  1  1 159   4    1464   1       0
  1  1 163   1     366   0       .
  1  1 184   2     720   0       .
  1  1 226   6    1920   7   55012
  1  1 231   5    1826   0       .
  1  1 333   1     184   0       .
  1  1 385   1     365   0       .
  1  1 397   1      45   0       .
  1  1 434   1      43   0       .
  1  1 471   2     365   0       .
  1  1 518  10    1102   0       .
  1  1 539   3     962   0       .
  1  1 597   2     730   0       .
  1  2 145 114   10401  28  232566
  1  2 158   1     365   0       .
  1  2 159   5    1098   1       0
  1  2 163   4     365   2       0
  1  2 184  11    2440   1    6214
  1  2 226   3    1095   2       0
  1  2 231   6    2011   1   -1810
  1  2 333   2     210   0       .
  1  2 385   1     364   0       .
  1  2 471   2     365   0       .
  1  2 518  28    8764   8   47997
  1  2 670   1       7   0       .
  1  3  15   1      69   0       .
  1  3  29   1     184   0       .
  1  3 158   1       1   0       .
  1  3 159  10    2928   1       0
  1  3 163   4     364   0       .
  1  3 180   1     365   0       .
  1  3 184  18    2847   2    3763
  1  3 192   1     346   0       .
  1  3 226   3     445   1       0
  1  3 231   6    1887   0       .
  1  3 387   2     439   0       .
  1  3 471   3     244   0       .
  1  3 518  57   20805  20   75703
  1  4  29  10    3288   0       .
  1  4 145   2     183   0       .
  1  4 149   4     158   0       .
  1  4 158   1      82   0       .
  1  4 159  95   15372  13   27155
  1  4 180   4    1340   1       0
  1  4 184  67   12141   3       0
  1  4 231  11    2289   0       .
  1  4 263   2      36   0       .
  1  4 269   9     639   0       .
  1  4 294   6    1021   0       .
  1  4 302   5     425   0       .
  1  4 312  11    3166   1       0
  1  4 323   4    1179   2       0
  1  4 336   8    1826   1       0
  1  4 370   1      25   0       .
  1  4 380   1     100   0       .
  1  4 385   1       1   0       .
  1  4 387   4    1092   0       .
  1  4 397   8    1886   3   -1820
  1  4 415   2     291   0       .
  1  4 471   5     624   0       .
  1  4 513   1      46   0       .
  1  4 518 103   12896  12  168122
  1  4 522  35   10505   1       0
  1  4 539   1     151   0       .
  1  4 575  30   10002   2       0
  1  4 609   2     411   2   26924
  2  0  28   1      20   0       .
  2  0  81   3     408   0       .
  2  0 106   4    1092   1    5482
  2  0 117   1     372   0       .
  2  0 136   5     925   0       .
  2  0 141  10    2798   0       .
  2  0 146  49    9997   7       0
  2  0 184   7    1687   4   12960
  2  0 214   1     234   0       .
  2  0 296   3     522   3   -3618
  2  0 298   5     432   0       .
  2  0 313   7    1130   1       0
  2  0 347  11    1880   1   24062
  2  0 381   1     323   0       .
  2  0 397   5    1109   0       .
  2  0 443   4     522   1   -1820
  2  1  28   5    1180   1       0
  2  1  81   2     212   0       .
  2  1 106   3    1096   2    -660
  2  1 117   1     365   0       .
  2  1 136   3     561   0       .
  2  1 141   8    2710   1       0
  2  1 146  19    6953  17   49343
  2  1 152   1      18   0       .
  2  1 153   2     400   0       .
  2  1 184   3     907   2       0
  2  1 214   1     366   0       .
  2  1 298   5     640   0       .
  2  1 313   4     730   0       .
  2  1 325   4     972   2   35230
  2  1 347   5    1337   0       .
  2  1 381   1     365   0       .
  2  1 397   3     974   3       0
  2  1 443   1     333   0       .
  2  2  28   2     436   0       .
  2  2  81   1     121   1       0
  2  2 106   3     979   0       .
  2  2 117   1      56   0       .
  2  2 136   1     365   0       .
  2  2 141  10    3228   2       0
  2  2 146  19    6581   4       0
  2  2 153   2     365   1   13408
  2  2 184   5    1449   2   -1999
  2  2 185   1     353   0       .
  2  2 213   3     301   0       .
  2  2 214   1     365   0       .
  2  2 298   4     638   0       .
  2  2 313   5     796   0       .
  2  2 325   5     602   2       0
  2  2 347   5    1461   1   23432
  2  2 381   2     553   0       .
  2  2 397   6    1434   2   10480
  2  2 594   1     102   0       .
  2  3  28   1     365   0       .
  2  3 106   1     291   0       .
  2  3 136  10    2303   0       .
  2  3 141   8    2677   2    1091
  2  3 146  19    6552   7       0
  2  3 153   1     365   3   20780
  2  3 184   4    1250   1  103224
  2  3 185   1     365   0       .
  2  3 214   1     365   0       .
  2  3 271   4    1082   4   94219
  2  3 282   4     731   0       .
  2  3 298   6     822   0       .
  2  3 313   5     912   2   41651
  2  3 325   2     240   0       .
  2  3 346   1     304   0       .
  2  3 347   8    2022   2       0
  2  3 381   1     244   0       .
  2  3 388   2     126   0       .
  2  3 397  12    1732   2   80419
  2  3 432   2     401   0       .
  2  3 443   1      71   0       .
  2  3 476   4     787   1       0
  2  3 594   1     365   1       0
  2  4  28   2     310   0       .
  2  4  30  13    1361   0       .
  2  4  62  15    1270   2       0
  2  4  72   3     289   0       .
  2  4  78   1      21   0       .
  2  4  96  13    3525   4       0
  2  4 102  19    1645   0       .
  2  4 106   9    2469   3    1470
  2  4 114   3     952   0       .
  2  4 136  11    1262   0       .
  2  4 141  18    5800   4       0
  2  4 142   2     865   0       .
  2  4 146  24    7340   5   -1815
  2  4 152  16     406   1   21188
  2  4 153   1     275   0       .
  2  4 162   3     103   0       .
  2  4 184   8    1443   1   42333
  2  4 185   5    1153   2   -1810
  2  4 201   4    1440   0       .
  2  4 214   8    2299   3   23886
  2  4 220   5    1613   0       .
  2  4 230   7    2314   1       0
  2  4 236   3    1096   0       .
  2  4 244   3     912   0       .
  2  4 265   8     706   2  143738
  2  4 271  54    9667  16  137334
  2  4 274   2     322   0       .
  2  4 276  12    3795   3   19632
  2  4 282  12    1470   0       .
  2  4 296   3     944   1   -1815
  2  4 298  33    3383   3   -1785
  2  4 301   1      26   0       .
  2  4 303   2     398   0       .
  2  4 313  68   10742   6   28361
  2  4 324  15    2595   3  133902
  2  4 325  38    5601   5  345996
  2  4 331   5    1661   2       0
  2  4 346  31    8973   3       0
  2  4 347 154   42793  53 1029303
  2  4 372  22    1955   0       .
  2  4 381  12    3426   1   11301
  2  4 388   3     306   0       .
  2  4 397  65   13929  19   64559
  2  4 415   6    1036   1       0
  2  4 428   3     822   1       0
  2  4 432   7    1804   1   -1760
  2  4 443  15    3983   2   15299
  2  4 452  22    4599   5   70248
  2  4 453   4    1282   0       .
  2  4 454   3     644   1   27311
  2  4 457   3     790   1       0
  2  4 467   1      38   0       .
  2  4 474   4     941   1   -9065
  2  4 475  15    1075   2  102676
  2  4 476   4     684   0       .
  2  4 497   5     740   0       .
  2  4 505   1      97   0       .
  2  4 577   4    1371   0       .
  2  4 591   2     698   1       0
  2  4 594   6    1707   0       .
  2  4 598   2     698   0       .
  2  4 600   2     720   0       .
  2  4 602   7    2376   1       0
  2  4 608   4     585   0       .
  2  4 613   4     213   2   48214
  2  4 656  12    1074   2   -1810
  2  4 657  27    4427   2   72916
  3  0 133   1     204   0       .
  3  0 145   1      22   0       .
  3  0 151  11    2434   1       0
  3  0 154   9    1697   0       .
  3  0 190   1     117   0       .
  3  0 209   6    1593   0       .
  3  0 272   3     404   1       0
  3  0 283   6    1426   1   -1810
  3  0 337  43    9805   4  173694
  3  0 338   1     136   0       .
  3  0 401  11    2190   1       0
  3  0 436   4    1244   1   18392
  3  0 437  21    1966   1       0
  3  0 509   1      78   0       .
  3  0 569   5    1816   2    2271
  3  0 579   2     390   0       .
  3  0 603   1     230   0       .
  3  0 645   1     311   0       .
  3  0 647   5     538   0       .
  3  0 661   2     471   0       .
  3  1 151   3    1095   1   47696
  3  1 154   6    1820   0       .
  3  1 209   5    1337   0       .
  3  1 231   3     715   0       .
  3  1 283   7    1156   1    3843
  3  1 309   1     124   0       .
  3  1 337  31    9003   9   61038
  3  1 354   1      69   0       .
  3  1 401  20    4308   6   39170
  3  1 411   1     182   0       .
  3  1 436   2     274   0       .
  3  1 437   6     624   1       0
  3  1 569   4    1464   1       0
  3  1 579   2     731   0       .
  3  1 634   1     183   0       .
  3  1 645   2     366   0       .
  3  1 647  10     984   0       .
  3  1 661   1     333   0       .
  3  2  16   1     365   0       .
  3  2 133   1       1   0       .
  3  2 151   5    1093   0       .
  3  2 154   4    1096   1       0
  3  2 204   2     252   0       .
  3  2 209   3     607   1   11335
  3  2 231   3     925   1       0
  3  2 252   2     204   0       .
  3  2 255   2     411   0       .
  3  2 258   1     125   0       .
  3  2 272   1     402   0       .
  3  2 283   9    2380   2  328805
  3  2 337  25    7032   7  143644
  3  2 401  19    3365   6   10056
  3  2 411   2     365   0       .
  3  2 437   4     450   0       .
  3  2 462   1     213   0       .
  3  2 508   1     339   1   23312
  3  2 579   2     730   0       .
  3  2 588   2     365   0       .
  3  2 634   6     900   0       .
  3  2 645   2     365   0       .
  3  2 647   8     731   0       .
  3  3  16   1     366   0       .
  3  3 133   1     366   1       0
  3  3 148   1     122   0       .
  3  3 151  10    2078   2       0
  3  3 154   3    1098   3       0
  3  3 190   1     365   0       .
  3  3 202   1     366   0       .
  3  3 204   2     365   0       .
  3  3 209   2     486   0       .
  3  3 231   2     731   0       .
  3  3 247   3     916   0       .
  3  3 248   1      44   0       .
  3  3 252   1     264   0       .
  3  3 253   4     284   0       .
  3  3 255   4    1277   0       .
  3  3 258   2     559   0       .
  3  3 272   1     152   0       .
  3  3 283   5    1829   1  166302
  3  3 337  37    9906   1    9312
  3  3 350   3     366   0       .
  3  3 401  15    3163   2    8992
  3  3 411   2     365   0       .
  3  3 437   3     220   0       .
  3  3 508   4     366   0       .
  3  3 575   1     357   0       .
  3  3 579   2     731   1   -1760
  3  3 582   1     365   0       .
  3  3 588   1     366   0       .
  3  3 634   5     701   0       .
  3  3 645   1      41   0       .
  3  3 647  17    1437   1       0
  3  4   5   2     444   0       .
  3  4  12   5     629   0       .
  3  4  15   5     871   0       .
  3  4  16   7    2191   1       0
  3  4  17   4    1461   0       .
  3  4  34  20    1110   0       .
  3  4  47   2     730   0       .
  3  4  65  12    1528   0       .
  3  4  67   3     759   0       .
  3  4  79  15     747   1       0
  3  4  98   3     630   0       .
  3  4 118   3     365   2   14982
  3  4 119  10    1388   0       .
  3  4 132  20    5071   2   36987
  3  4 137   4      53   0       .
  3  4 148   6     732   0       .
  3  4 151  47   10830   5   24285
  3  4 154  13    4432   2   42829
  3  4 182   1      42   0       .
  3  4 190   5    1436   1    7235
  3  4 198   2     244   0       .
  3  4 202   7    2465   0       .
  3  4 204  43    8767   2       0
  3  4 209  17    4243   0       .
  3  4 231   6    1275   1       0
  3  4 236   3     862   0       .
  3  4 247  84   14713  12    9092
  3  4 248   4     236   0       .
  3  4 249  10    1452   0       .
  3  4 251  15    4040   7   22154
  3  4 252   7    1847   0       .
  3  4 255  32    8612   2    2187
  3  4 258  13    4118   0       .
  3  4 272  14    2962   1   59298
  3  4 283  37    6335   1    4492
  3  4 290   3     177   0       .
  3  4 299   1      91   0       .
  3  4 309   7     568   0       .
  3  4 310  24    5425   1       0
  3  4 317   2     243   0       .
  3  4 319   5     914   0       .
  3  4 327   2     390   0       .
  3  4 328   5    1014   2    9240
  3  4 335   2     335   0       .
  3  4 337  83   20784   8   97536
  3  4 338   3     851   0       .
  3  4 341   7     574   0       .
  3  4 345   3     766   3   17098
  3  4 350   5     732   0       .
  3  4 354  12    2169   3  123467
  3  4 363   5     888   0       .
  3  4 367   1     255   0       .
  3  4 386   6    1825   1   33543
  3  4 401 210   34619  15  380058
  3  4 403   7    1822   2   55808
  3  4 407  10    2497   0       .
  3  4 411  10    1687   2   15684
  3  4 420  14    1774   0       .
  3  4 421   6     919   2   33806
  3  4 426  12    2866   3   12498
  3  4 436   6    1169   1       0
  3  4 437 110   16905   8  105718
  3  4 444   2     358   1       0
  3  4 455   2     194   0       .
  3  4 462   3     639   0       .
  3  4 463  15    1200   0       .
  3  4 465   5     415   2   65803
  3  4 466   6     915   0       .
  3  4 467   1      93   1       0
  3  4 477   3      85   0       .
  3  4 479  21    5252   7   26120
  3  4 489   9     710   1   14076
  3  4 492   2     708   0       .
  3  4 504   2     177   1       0
  3  4 508  12     965   0       .
  3  4 509  43    7928   4   80039
  3  4 569  14    2568   0       .
  3  4 575   8    3118   1       0
  3  4 579  25    8341   2    5536
  3  4 582   4    1196   0       .
  3  4 583   1     276   0       .
  3  4 586   2     639   0       .
  3  4 587   3     468   0       .
  3  4 588   7    2191   1       0
  3  4 599   4    1462   1       0
  3  4 603  49   13424   4  268707
  3  4 607   2     305   2   53737
  3  4 612   1     221   0       .
  3  4 617   4    1140   2    7193
  3  4 618  11    3038   1       0
  3  4 620  34    2492   0       .
  3  4 621   6    1067   0       .
  3  4 622   2      23   0       .
  3  4 624   5    1521   0       .
  3  4 625   2      83   0       .
  3  4 628   4     538   0       .
  3  4 630   2     575   0       .
  3  4 634  28    3873   2   42940
  3  4 645   6    1109   0       .
  3  4 646   1      81   0       .
  3  4 647  13    1635   4   35882
  3  4 653  27    2339   2   15256
  3  4 655   1      87   0       .
  3  4 661  12    2509   1       0
  3  4 664  11    2235   1    2566
  3  4 665   6     447   0       .
  4  0  10   1     234   0       .
  4  0  13   1      95   0       .
  4  0  14   3     364   0       .
  4  0  23   1     364   0       .
  4  0  43   1     352   0       .
  4  0  61   3     422   3   58386
  4  0  63   2     209   0       .
  4  0  80   1      39   0       .
  4  0  81   1     111   0       .
  4  0  89   6     593   1       0
  4  0  95   1      84   0       .
  4  0 130   1     101   0       .
  4  0 138  45    2333   1       0
  4  0 145   1      18   0       .
  4  0 147  17    3722   3   13582
  4  0 156   7    1422   4   14597
  4  0 157   2     569   0       .
  4  0 160  12    2789   4   55192
  4  0 161   1     253   0       .
  4  0 165   3     677   0       .
  4  0 168   3     468   0       .
  4  0 173   1      90   0       .
  4  0 174  11    2743   1       0
  4  0 183  26    6549   3   -3620
  4  0 194   2     561   0       .
  4  0 195   1     135   0       .
  4  0 196   1     271   0       .
  4  0 205   1     153   0       .
  4  0 218  11    2273   1       0
  4  0 221   2     489   0       .
  4  0 222   3     418   1   -1815
  4  0 223   3      11   0       .
  4  0 229   7    1193   0       .
  4  0 234   1     139   0       .
  4  0 237   1     103   0       .
  4  0 238   2     659   1   30395
  4  0 242   1     100   0       .
  4  0 250  21    1837   4   36826
  4  0 256   1     365   0       .
  4  0 275   6    1348   2       0
  4  0 279   1     182   0       .
  4  0 287   1     282   0       .
  4  0 291   1     218   0       .
  4  0 301   1     251   0       .
  4  0 315   1     353   0       .
  4  0 318   3    1076   3    4752
  4  0 343   2     173   0       .
  4  0 349   3     487   0       .
  4  0 357   1     358   0       .
  4  0 364   1     336   0       .
  4  0 371   6     673   0       .
  4  0 373   1     363   0       .
  4  0 384   1     212   1       0
  4  0 396   3     959   0       .
  4  0 402   2     393   1   99825
  4  0 418   1     203   0       .
  4  0 424  13    2464   3   47284
  4  0 429   9    1042   0       .
  4  0 430   9     567   0       .
  4  0 440   1     353   0       .
  4  0 450   2     730   0       .
  4  0 458   2     314   0       .
  4  0 461   1     313   0       .
  4  0 473   4     295   1   -1820
  4  0 481   1     282   0       .
  4  0 495   1     287   0       .
  4  0 506   2     196   0       .
  4  0 517   1     136   0       .
  4  0 518  29    5227   4   19067
  4  0 523   4     514   0       .
  4  0 524  73    7711   2       0
  4  0 525  10     817   0       .
  4  0 526   1      36   0       .
  4  0 528  13    1346   1   -1820
  4  0 529  32    3804   1       0
  4  0 531  19    1773   4   -2791
  4  0 532  28    2516   1       0
  4  0 533   5     530   1   -2019
  4  0 535   7    1238   1       0
  4  0 536   5     336   0       .
  4  0 537   1      35   0       .
  4  0 538   5     668   1       0
  4  0 540   4     772   0       .
  4  0 541   3     295   0       .
  4  0 542   1     364   0       .
  4  0 543  10    2142   1       0
  4  0 544   3     286   0       .
  4  0 545   2     638   0       .
  4  0 546   3     674   0       .
  4  0 548  23    3349   3   -1820
  4  0 550  56   14100  13   -3618
  4  0 551  23    2827   8   63534
  4  0 552   8     811   0       .
  4  0 554  12    1268   0       .
  4  0 556   4     444   0       .
  4  0 557   2      58   0       .
  4  0 559  72    8259  23    1500
  4  0 560   1     181   0       .
  4  0 561   9    1494   4   38318
  4  0 562   7    1139   1       0
  4  0 563   3     364   0       .
  4  0 569   1     139   1       0
  4  0 576   3     819   0       .
  4  0 578   2     861   1   17215
  4  0 596   1     258   1       0
  4  0 627   2     306   0       .
  4  0 662   1     183   0       .
  4  0 663   1      70   0       .
  4  0 666   2     237   0       .
  4  1  11   1     141   0       .
  4  1  13   3     365   0       .
  4  1  14   8     364   1    3583
  4  1  33   1      42   0       .
  4  1  38   1     366   0       .
  4  1  43   3     172   0       .
  4  1  55   2     366   0       .
  4  1  61   1     365   0       .
  4  1  76   1     304   0       .
  4  1  81   6     694   0       .
  4  1  82   2     307   0       .
  4  1  89   6     428   0       .
  4  1 138   5     259   0       .
  4  1 145   1      72   0       .
  4  1 147  14    2576   2    3359
  4  1 155   2     587   0       .
  4  1 156   4     811   0       .
  4  1 157   1     365   0       .
  4  1 160  16    4774   1       0
  4  1 161   2     730   0       .
  4  1 165   2     454   1       0
  4  1 168   1     365   0       .
  4  1 173   2       8   0       .
  4  1 174   8    2799   0       .
  4  1 179   1     356   0       .
  4  1 183  12    3040   2  -16130
  4  1 194   2     609   0       .
  4  1 195   7    1921   4   30060
  4  1 218   6    1766   2   -1785
  4  1 219   1     365   0       .
  4  1 221   4    1430   0       .
  4  1 222   2     713   0       .
  4  1 223   3      64   0       .
  4  1 229  16    4013   1       0
  4  1 234   1     365   0       .
  4  1 237   1     365   1       0
  4  1 238   1     366   0       .
  4  1 242   2     365   0       .
  4  1 245   1     366   0       .
  4  1 250  12    1194   1       0
  4  1 256   1     365   1   48108
  4  1 257   3     366   0       .
  4  1 275   4    1458   4   58663
  4  1 279   6    1097   0       .
  4  1 287   1      52   0       .
  4  1 291   1     366   1   42086
  4  1 315   1     365   0       .
  4  1 318   2     395   0       .
  4  1 343   3     317   0       .
  4  1 344   3     673   1       0
  4  1 349   2     730   0       .
  4  1 355   1     366   1    1085
  4  1 357   2     357   0       .
  4  1 364   2     441   0       .
  4  1 371   5     725   1       0
  4  1 373   1     366   0       .
  4  1 394   2     183   0       .
  4  1 396   2     395   1       0
  4  1 414   1     349   0       .
  4  1 424   7    2317   3       0
  4  1 429   6    1095   0       .
  4  1 430   8     689   2   17237
  4  1 440   1     213   1       0
  4  1 450   2     728   0       .
  4  1 461   2     383   0       .
  4  1 468   1     175   0       .
  4  1 473   2     121   0       .
  4  1 481   1     333   0       .
  4  1 494   4     366   0       .
  4  1 496   1     181   0       .
  4  1 517  16    2191   0       .
  4  1 518  18    5514   4   19065
  4  1 523   4     402   0       .
  4  1 524  15    1566   0       .
  4  1 525  20    1820   0       .
  4  1 526   3     243   0       .
  4  1 527   1      90   0       .
  4  1 528  32    2912   4       0
  4  1 531  52    4732   5   98164
  4  1 532  24    2184   2       0
  4  1 533  10     868   0       .
  4  1 534   3     364   0       .
  4  1 536   6     728   1       0
  4  1 540   4    1456   5       0
  4  1 541   1     365   0       .
  4  1 542   1     365   0       .
  4  1 543   4    1459   0       .
  4  1 544   6    1459   3  286497
  4  1 548  10    3647   4       0
  4  1 550  31   11293  12       0
  4  1 551  13    4121   8       0
  4  1 552  42    5012  12       0
  4  1 554  12    1456   2       0
  4  1 556  29    1576   0       .
  4  1 559  39    4732  14       0
  4  1 561  20    7299  16   -1820
  4  1 562   3     945   0       .
  4  1 563  12    1456   1       0
  4  1 564   2     730   0       .
  4  1 568   1     366   0       .
  4  1 576   2     731   0       .
  4  1 578   2     731   0       .
  4  1 633   3     515   0       .
  4  1 645   2     417   0       .
  4  1 662   1     365   0       .
  4  2  11   1     365   0       .
  4  2  13   4     517   0       .
  4  2  21   1     365   0       .
  4  2  38   2     212   0       .
  4  2  49   3     129   0       .
  4  2  51   2     366   0       .
  4  2  55   2     365   0       .
  4  2  61   1     183   0       .
  4  2  76   1     365   0       .
  4  2  82   3     548   0       .
  4  2  95   1      30   0       .
  4  2 109   2     295   0       .
  4  2 141   2     519   0       .
  4  2 147  12    3814   3       0
  4  2 155   4    1221   0       .
  4  2 156   6    1224   1       0
  4  2 157   1     333   1   -1820
  4  2 160  10    2921   0       .
  4  2 161   3    1095   0       .
  4  2 165  11    2928   2    3998
  4  2 168   4     912   1  102635
  4  2 172   1     366   0       .
  4  2 174   9    2651   2   -1820
  4  2 176   2      82   0       .
  4  2 179   1     365   0       .
  4  2 183   9    2921   1       0
  4  2 194   2     523   0       .
  4  2 195   9    2922   1       0
  4  2 216   2     337   0       .
  4  2 217   1     347   1       0
  4  2 218   5    1705   0       .
  4  2 219   1      35   0       .
  4  2 221   3     610   0       .
  4  2 222   2     450   2  178578
  4  2 225   1     365   0       .
  4  2 228   1     366   0       .
  4  2 229  12    3736   2   11155
  4  2 237   1     149   0       .
  4  2 242   2     365   0       .
  4  2 245   1     365   0       .
  4  2 250  13    1611   0       .
  4  2 256   1      60   0       .
  4  2 257   4     571   0       .
  4  2 275   5    1826   2  216117
  4  2 279   6    1094   0       .
  4  2 287   1     266   0       .
  4  2 291   1     365   0       .
  4  2 301   1     366   0       .
  4  2 315   2     162   1 1036989
  4  2 318   1      30   0       .
  4  2 344   1     365   0       .
  4  2 349   2     521   0       .
  4  2 355   1     365   1   33466
  4  2 357   4     718   1    7935
  4  2 371   6     731   0       .
  4  2 373   2     731   0       .
  4  2 389   3     557   0       .
  4  2 391   1     343   0       .
  4  2 394   2     274   0       .
  4  2 396   4     218   0       .
  4  2 402   1     357   0       .
  4  2 414   1     365   0       .
  4  2 419   1     243   1       0
  4  2 424  11    2373   0       .
  4  2 429   2     339   0       .
  4  2 430   9     725   0       .
  4  2 461   1     274   0       .
  4  2 468   1     364   1   73145
  4  2 494   4     365   1       0
  4  2 496   2     366   0       .
  4  2 517   1     136   0       .
  4  2 524  50    4883   1       0
  4  2 528   8     728   2       0
  4  2 529  96    8736  16   16849
  4  2 530  11     940   3       0
  4  2 531   8     728   1       0
  4  2 532  20    1820   0       .
  4  2 533   8     728   0       .
  4  2 534   6     728   0       .
  4  2 535   9    1092   3       0
  4  2 536  13    1577   0       .
  4  2 537   3     364   0       .
  4  2 541   9    3144   2   84460
  4  2 542   6    1745   1       0
  4  2 543   7    2001   0       .
  4  2 544   9    2956   4  160166
  4  2 547   7    2555   1       0
  4  2 548  11    4008   7      56
  4  2 550  41   12645  21   10649
  4  2 551  38   12012  12   -1815
  4  2 552 163   19808  22   17290
  4  2 554  12    1456   4   -1820
  4  2 556   5     555   0       .
  4  2 559  42    5096  14       0
  4  2 560   2     730   1  198485
  4  2 561  24    8741  27   29480
  4  2 564   2     728   0       .
  4  2 568   1     365   1       0
  4  2 569   1     364   0       .
  4  2 576   3    1096   1   -1785
  4  2 578   3    1093   1   40507
  4  2 595   1     365   0       .
  4  2 604   3     214   0       .
  4  2 617   2     565   0       .
  4  2 628   2     262   0       .
  4  2 633   2     365   0       .
  4  2 645   2     365   0       .
  4  2 662   1     365   0       .
  4  2 667   1     366   0       .
  4  3  11   2     182   1       0
  4  3  13   3     365   0       .
  4  3  21   1     180   0       .
  4  3  38   2     395   0       .
  4  3  51   2     365   0       .
  4  3  60   2     366   0       .
  4  3  69   2     407   0       .
  4  3  76   1     366   0       .
  4  3  81   2     197   0       .
  4  3  82   4     730   1     892
  4  3  87   3     266   0       .
  4  3 105   3     248   1   19609
  4  3 109   2     336   0       .
  4  3 131   1      62   0       .
  4  3 141   1     365   0       .
  4  3 145   1       2   0       .
  4  3 147  18    5319   6  543115
  4  3 155   4    1002   1     789
  4  3 156   5    1826   1    3467
  4  3 160  12    3286   0       .
  4  3 161   3    1096   1       0
  4  3 165   8    2988   0       .
  4  3 168   3    1086   0       .
  4  3 172   1      69   0       .
  4  3 173   6      32   0       .
  4  3 174   5    1337   0       .
  4  3 176   4     365   0       .
  4  3 178   1      70   0       .
  4  3 179   1     305   0       .
  4  3 181   3     460   2       0
  4  3 183  13    2229   0       .
  4  3 194   4    1287   0       .
  4  3 195   8    2920   0       .
  4  3 203   3     271   0       .
  4  3 205   1     342   0       .
  4  3 216   1     184   0       .
  4  3 217   3     697   0       .
  4  3 218   9    2129   2  146791
  4  3 219   1     365   0       .
  4  3 221   4    1300   2    2629
  4  3 222   2     712   0       .
  4  3 225   1     366   0       .
  4  3 228   1     365   0       .
  4  3 229  23    6034   3   83286
  4  3 237   6    1023   1       0
  4  3 242   3     546   0       .
  4  3 245   3     386   1  151825
  4  3 250   9     989   4   62428
  4  3 257   3     722   0       .
  4  3 275   3     981   2   38207
  4  3 279   4     720   1   12538
  4  3 287   5     631   0       .
  4  3 291   1     365   0       .
  4  3 297   2     706   1       0
  4  3 301   4     669   1   15064
  4  3 315   3     416   1    4821
  4  3 343   1      17   0       .
  4  3 344   3     779   0       .
  4  3 349   3     631   0       .
  4  3 355   1     364   1       0
  4  3 357   6     955   0       .
  4  3 371   6     731   0       .
  4  3 373   2     698   1   -1815
  4  3 389   3     671   0       .
  4  3 391   1     365   0       .
  4  3 395   3     243   0       .
  4  3 413   1     244   0       .
  4  3 419   2     446   1       0
  4  3 423   3     552   0       .
  4  3 424   7    2194   0       .
  4  3 429   4     387   0       .
  4  3 430   9     751   0       .
  4  3 435   2     355   1       0
  4  3 445   4     607   1       0
  4  3 458   1     354   0       .
  4  3 483   1     122   0       .
  4  3 494   1       2   0       .
  4  3 517   1     136   0       .
  4  3 523   4     449   0       .
  4  3 524 100    9971   0       .
  4  3 525   1      91   0       .
  4  3 528  64    5824   7  267297
  4  3 529  31    2671   2       0
  4  3 530   6     572   0       .
  4  3 531  40    3640   5       0
  4  3 533  15    1205   2   -1820
  4  3 534  24    2912   5   13365
  4  3 535   6     728   3       0
  4  3 536   6     728   1       0
  4  3 538   6     728   0       .
  4  3 541  20    5591   5     490
  4  3 542   7    2101   1       0
  4  3 543  12    3485   6       0
  4  3 544  11    3058   1       0
  4  3 546   9    1095   0       .
  4  3 547   7    2548   2       0
  4  3 548   7    2334   5   -5663
  4  3 550  31    6338   3   31074
  4  3 551  31    6385   7   -1020
  4  3 552  62    7521   5       0
  4  3 553  75    9100  13       0
  4  3 554  45    5460  11       0
  4  3 555   2     244   0       .
  4  3 556   9    1013   0       .
  4  3 557   6     728   1       0
  4  3 558   6     644   0       .
  4  3 560   5    1823   1       0
  4  3 561   6    2050   4  161443
  4  3 562   1     155   1       0
  4  3 563  15    1820   3       0
  4  3 568   1     364   0       .
  4  3 570   1     365   0       .
  4  3 576   4    1462   0       .
  4  3 578   1     364   0       .
  4  3 595   1     366   0       .
  4  3 604   3     365   0       .
  4  3 605   1     364   0       .
  4  3 617   1     366   0       .
  4  3 627   2     366   0       .
  4  3 628   1     244   0       .
  4  3 629   2     183   0       .
  4  3 633   2     365   0       .
  4  3 645   1     347   1       0
  4  3 662   1     348   0       .
  4  3 667   1     365   0       .
  4  4   1   4    1462   0       .
  4  4   2   2     456   0       .
  4  4   3   1     209   0       .
  4  4   4   1      60   0       .
  4  4   6   1       8   0       .
  4  4   7   2     242   0       .
  4  4   8  31    8185   1       0
  4  4   9   1     365   0       .
  4  4  10   7    1838   0       .
  4  4  11  36    6822   2    9922
  4  4  13  19    2971   0       .
  4  4  14 129    7090   6   23999
  4  4  16  14    4291   0       .
  4  4  17   1     118   0       .
  4  4  18   6    1930   0       .
  4  4  19   2     380   0       .
  4  4  20  10    1174   0       .
  4  4  21   2     545   0       .
  4  4  22   2     729   0       .
  4  4  24   1      77   0       .
  4  4  25   2     729   0       .
  4  4  26   2     425   0       .
  4  4  27   7    1279   0       .
  4  4  32   5     756   0       .
  4  4  35   5     861   0       .
  4  4  37   1      22   0       .
  4  4  38  18    4901   3   31827
  4  4  40   9     151   0       .
  4  4  43   4     454   0       .
  4  4  48   3     349   0       .
  4  4  51   6     749   0       .
  4  4  53   1     366   0       .
  4  4  54   4     730   0       .
  4  4  55   3     549   0       .
  4  4  57  58    7884   3    8643
  4  4  59  31    6886   0       .
  4  4  60   2     365   0       .
  4  4  61   6    2007   3   18172
  4  4  63   9    1587   0       .
  4  4  66  16    2835   0       .
  4  4  69   1     365   0       .
  4  4  70   2     210   0       .
  4  4  71   2     122   0       .
  4  4  73   9    1421   0       .
  4  4  74   6    1229   0       .
  4  4  75   5     694   0       .
  4  4  76  11    2462   1       0
  4  4  77   9    2740   0       .
  4  4  80   6     471   0       .
  4  4  81  19    1198   0       .
  4  4  82   7     492   0       .
  4  4  83  12     916   1       0
  4  4  85   9    1728   0       .
  4  4  86   7    1197   0       .
  4  4  87   1     125   0       .
  4  4  89  26    4036   3       0
  4  4  90   1     352   0       .
  4  4  91   2     470   0       .
  4  4  94   1       2   0       .
  4  4  97  15    2697   0       .
  4  4  99  12    2095   1    1289
  4  4 103  21    1092   1  133362
  4  4 104   2     169   0       .
  4  4 105  71    8383   4    8137
  4  4 107   4     672   2   44447
  4  4 109   2     295   0       .
  4  4 111   1      35   0       .
  4  4 113   2     530   0       .
  4  4 116   6    2098   2   16716
  4  4 120  16     647   0       .
  4  4 123   6    1822   0       .
  4  4 124   2     578   0       .
  4  4 125   3     316   1       0
  4  4 126   1     338   0       .
  4  4 127   4     725   0       .
  4  4 128   1      13   0       .
  4  4 129   7    1641   0       .
  4  4 131   7    1850   0       .
  4  4 132   3     383   0       .
  4  4 134  13    1265   0       .
  4  4 138   6     294   0       .
  4  4 139   6    1941   0       .
  4  4 145   9     694   0       .
  4  4 147 124   39217  22  408578
  4  4 155   1     365   1   16747
  4  4 156  61   18697  13  636034
  4  4 157  63   15579   4   -3575
  4  4 160 156   35052  17  360312
  4  4 161  52   15210   5   66862
  4  4 165  34   10806   5   35860
  4  4 168  19    5870   1       0
  4  4 173  68    2412   0       .
  4  4 174  30    7436   2   39040
  4  4 176  13     998   0       .
  4  4 179  13    3340   2    8121
  4  4 181  34    5542   1       0
  4  4 183  91   25830   4 1049020
  4  4 187   7    1461   0       .
  4  4 189   2      26   0       .
  4  4 191   1     150   0       .
  4  4 193   2     608   1       0
  4  4 194  20    5279   3   -3595
  4  4 195  44   10824   4   24096
  4  4 196  12    2318   1       0
  4  4 197   6    1228   1   95083
  4  4 199   2     690   1       0
  4  4 200   1     274   0       .
  4  4 203  41    5784   1   57188
  4  4 204   8    1115   0       .
  4  4 205  13    3875   0       .
  4  4 207   1     366   0       .
  4  4 208   8    1753   2       0
  4  4 210   4     544   0       .
  4  4 211   3     645   0       .
  4  4 215   5    1069   1    6056
  4  4 216  22    5457   1  216757
  4  4 217  23    7212   1     708
  4  4 218  50   11755   1   40983
  4  4 219  15    3829   0       .
  4  4 221  32    8741   2   33134
  4  4 222 120   25695  12   95511
  4  4 223  10      58   0       .
  4  4 225   2     382   0       .
  4  4 228  15    4565   1       0
  4  4 229 116   32544  16  774554
  4  4 234  14    4042   2   18222
  4  4 235   6    1214   0       .
  4  4 237  29    7525   3       0
  4  4 238  10    2257   0       .
  4  4 239  12    1933   2   21890
  4  4 240  10    2909   1   30528
  4  4 242  21    3355   0       .
  4  4 243   1      11   0       .
  4  4 245  58   14576   2  266195
  4  4 250  85   10074  12  972951
  4  4 256   4     943   0       .
  4  4 257  16    2654   0       .
  4  4 261   4    1402   0       .
  4  4 262   9    2064   1    8854
  4  4 270  11    2515   0       .
  4  4 275  13    3367   4  888289
  4  4 276  56   12043   7    1127
  4  4 279  52    8884   0       .
  4  4 287  94   12264   3       0
  4  4 291   1     274   0       .
  4  4 292   1     273   0       .
  4  4 297  33    5843   9  686389
  4  4 300   2      91   0       .
  4  4 301  67   15904  25  179340
  4  4 306  31    8675   1   60142
  4  4 307   4     358   0       .
  4  4 308  21    2643   1       0
  4  4 314   6     477   0       .
  4  4 315  38    5849   3    8747
  4  4 318   1      29   0       .
  4  4 320   8    1663   1       0
  4  4 332  10    2095   0       .
  4  4 343  19    1835   2       0
  4  4 344   8    1595   0       .
  4  4 347  13    2285   0       .
  4  4 349   2     488   0       .
  4  4 351  17    2842   1       0
  4  4 352   5    1288   1   12644
  4  4 355  17    5492   5   96341
  4  4 357  27    5060   1       0
  4  4 358   6    1519   2    1544
  4  4 364  21    3623   3  533455
  4  4 365   5     951   0       .
  4  4 366   4     365   0       .
  4  4 369   4     639   0       .
  4  4 371  74    6450   8   74164
  4  4 373  14    4631   0       .
  4  4 374   7     687   0       .
  4  4 376   8    2235   2   44866
  4  4 377  72    6175   2       0
  4  4 389   4     545   0       .
  4  4 391   3    1069   0       .
  4  4 394   4     577   1    2288
  4  4 396  36    6099   6   87652
  4  4 400  36    2983   1       0
  4  4 401   1      77   0       .
  4  4 402   5    1059   0       .
  4  4 404   1      73   0       .
  4  4 405   2      46   0       .
  4  4 413  26    4540   3  204583
  4  4 417   4    1104   1       0
  4  4 419  15    1227   2       0
  4  4 424 198   41490  24  110157
  4  4 425  26    7058   5   46257
  4  4 429  12    1451   0       .
  4  4 430  50    4258   1     948
  4  4 431  10     912   1   -1785
  4  4 435  38    3247   2       0
  4  4 440  27    8718   3       0
  4  4 441   4     557   0       .
  4  4 442   6    1098   2  135307
  4  4 445  21    3044   2   75056
  4  4 446  14    3838   1       0
  4  4 447   6    1931   0       .
  4  4 448   7     527   2    2523
  4  4 451   1     112   0       .
  4  4 458  11    2857   3   14069
  4  4 459   9    1373   2       0
  4  4 460   1      10   0       .
  4  4 461   4     651   1   15554
  4  4 464   6     290   0       .
  4  4 469   1     151   0       .
  4  4 470   4     352   0       .
  4  4 473  16    1362   2       0
  4  4 478   2     500   0       .
  4  4 480   7    1147   0       .
  4  4 481   4    1087   1   -1820
  4  4 483  39    3347   3   10812
  4  4 488   1      61   0       .
  4  4 493   3     144   0       .
  4  4 495   8    2342   1       0
  4  4 496   3     425   0       .
  4  4 498   3     265   0       .
  4  4 499   7     630   2  927299
  4  4 501   6     548   3   11739
  4  4 503   2     365   0       .
  4  4 506   8     688   0       .
  4  4 507   4     234   0       .
  4  4 511   2     310   0       .
  4  4 512   1      25   0       .
  4  4 515   5     208   1   22436
  4  4 516   2      18   0       .
  4  4 517   7    1035   0       .
  4  4 518 198   66327  29   72105
  4  4 519   2     652   0       .
  4  4 523  48    5824   4  195699
  4  4 524 312   30071   5       0
  4  4 525 392   36076   8   14000
  4  4 526 232   21101   3   -1820
  4  4 527  25    1622   0       .
  4  4 528 319   29174  13   52757
  4  4 529 260   24153  14  350186
  4  4 530 139   12852   0       .
  4  4 531 176   16637  10   12931
  4  4 532 331   30501  12   93941
  4  4 533 204   17581   4   -1820
  4  4 534 169   20200   8   -4611
  4  4 535 218   26320  34  272508
  4  4 536 204   24940  11       0
  4  4 537 156   18889   3   25622
  4  4 538  87   10556   3   10838
  4  4 540   4     966   1   -1820
  4  4 541  37   11575   9   -1820
  4  4 542  20    5774   5   -3274
  4  4 543  52   15669   8  148728
  4  4 544  27    7441   5  165009
  4  4 545  20    5103   4   69051
  4  4 546  22    5669   7       0
  4  4 547  11    3314   0       .
  4  4 548 109   29641  34    7013
  4  4 549  55   10047   0       .
  4  4 550 148   35785  38  132403
  4  4 551  61   17521  14       0
  4  4 552 292   33028   7   13074
  4  4 553 261   31069  15    3264
  4  4 554 109   13057   2   29000
  4  4 555  27    3051   1       0
  4  4 556  51    6175   5       0
  4  4 557  78    9371   1       0
  4  4 558  22    2746   0       .
  4  4 559 346   41746  55   12687
  4  4 560  11    3438   1       0
  4  4 561   8    1330   2       0
  4  4 562   8    1899   1       0
  4  4 563 193   23428  12  192572
  4  4 565   6    2190   0       .
  4  4 566   4    1447   0       .
  4  4 567   1     364   0       .
  4  4 569   8    2773   1       0
  4  4 570   3    1096   0       .
  4  4 571   1     160   0       .
  4  4 572   1       6   0       .
  4  4 573   6    1695   0       .
  4  4 574   2     728   0       .
  4  4 576  36   10652   2   -1694
  4  4 578  10    3024   0       .
  4  4 580   5    1093   0       .
  4  4 581   6    2190   0       .
  4  4 584   6    1826   1   77500
  4  4 585   5    1826   0       .
  4  4 589   7    2132   1       0
  4  4 590   5     645   0       .
  4  4 592   7    1641   0       .
  4  4 593   9    1944   1    9641
  4  4 594  12    3541   3   -8930
  4  4 595   5     889   1   52355
  4  4 604  49    7791   1   -1820
  4  4 606   4    1115   1    7000
  4  4 607   5     906   0       .
  4  4 614   1     241   0       .
  4  4 615   4    1097   0       .
  4  4 616   3     853   0       .
  4  4 617   7    2293   2   13749
  4  4 619   3     457   1       0
  4  4 623  16    2508   0       .
  4  4 627   5     790   0       .
  4  4 628  38    4955   0       .
  4  4 629   3     255   0       .
  4  4 631   2     365   0       .
  4  4 632   4    1117   1       0
  4  4 633   2     365   0       .
  4  4 634   3    1096   1   30483
  4  4 635  13    2992   5    3597
  4  4 645   8    1878   0       .
  4  4 646  53    5349   0       .
  4  4 648   1      16   0       .
  4  4 654   2     503   0       .
  4  4 658   6     550   0       .
  4  4 659   1      30   0       .
  4  4 660  26    3696   2   32000
  4  4 662  13    4102   0       .
  4  4 663  32    4190   2   46500
  4  4 667   4    1287   0       .
  5  0 143   7    1198   1   -1815
  5  0 175   3     703   1       0
  5  0 259   1     185   0       .
  5  0 305   4     483   1  305478
  5  0 362   2     542   0       .
  5  0 412   1     162   1       0
  5  0 427   4     714   0       .
  5  0 610   2     510   0       .
  5  1 143   2     729   2       0
  5  1 175   3    1093   2   34981
  5  1 259   2     492   1       0
  5  1 305   2     728   0       .
  5  1 362   1     187   0       .
  5  1 412   1     364   2   91833
  5  1 427   4     578   0       .
  5  1 610   2     370   1       0
  5  2 140   3     456   0       .
  5  2 143   1     364   0       .
  5  2 175   1     364   0       .
  5  2 259   1     364   0       .
  5  2 305   1     365   0       .
  5  2 392   2     790   0       .
  5  2 408   2     356   0       .
  5  2 427   1      10   0       .
  5  2 610   1     365   0       .
  5  2 637   4     366   0       .
  5  3  39   2     365   0       .
  5  3 140   1     331   0       .
  5  3 143   1     365   1   10813
  5  3 305   2     729   0       .
  5  3 329   3     438   0       .
  5  3 408   2     365   0       .
  5  3 610   4     888   3   -1815
  5  3 637   3     365   0       .
  5  4  39  10    1636   0       .
  5  4  42   4     839   1       0
  5  4 140   8    2042   1   19839
  5  4 143  39   13380  12  369231
  5  4 144   4     828   0       .
  5  4 175  24    7812   5  604737
  5  4 232  10    3645   2   65221
  5  4 259   9    2992   2   11673
  5  4 260   2     291   0       .
  5  4 266   5    1377   2       0
  5  4 273   1     153   0       .
  5  4 277   4    1458   1       0
  5  4 289  49    7594   0       .
  5  4 293   2     314   0       .
  5  4 305  24    7950   4   45060
  5  4 321   2     525   1   28068
  5  4 322   3     308   0       .
  5  4 324   6     994   3    5818
  5  4 329  42   11703   5   22592
  5  4 334   6    1307   0       .
  5  4 392   1     330   0       .
  5  4 408   3     395   0       .
  5  4 412   8    2472   0       .
  5  4 427   4     598   0       .
  5  4 438   2     158   0       .
  5  4 449   3     263   1       0
  5  4 472  15     989   1  103898
  5  4 486   2     454   0       .
  5  4 502   4     726   1    3669
  5  4 590   4     500   0       .
  5  4 592   3     552   0       .
  5  4 601   4     450   1   43068
  5  4 610  43    9647   6   24922
  5  4 637   2     730   0       .
  5  4 638   5     457   0       .
  5  4 639   4    1396   2   35234
  6  0  31   1     362   0       .
  6  0  46   4     381   1       0
  6  0  68   1      66   0       .
  6  0  88   1     169   0       .
  6  0  92   1     353   0       .
  6  0 100   4     378   1   21175
  6  0 143   6     786   0       .
  6  0 167   2     320   2       0
  6  0 169   1     355   1    4200
  6  0 170   3     560   1       0
  6  0 171   4     191   0       .
  6  0 186   5    1022   0       .
  6  0 224   7    1903   2   40729
  6  0 227   2     287   0       .
  6  0 267   4    1261   4  100035
  6  0 268   1     365   0       .
  6  0 278   3     453   0       .
  6  0 281   3     595   2   22100
  6  0 285   2     469   0       .
  6  0 286   1      62   0       .
  6  0 295   4     667   0       .
  6  0 316   3     916   0       .
  6  0 326   7    1494   1       0
  6  0 329   1     343   0       .
  6  0 330   2     485   0       .
  6  0 340   1      44   0       .
  6  0 342   2     507   1   67984
  6  0 348   4     805   8   78791
  6  0 361   1     358   0       .
  6  0 368   2     306   0       .
  6  0 375   2     232   0       .
  6  0 378   2     542   1   25543
  6  0 393   1     359   2  126378
  6  0 399   2     438   0       .
  6  0 433   2     549   0       .
  6  0 456   3     428   0       .
  6  0 485   1     320   1       0
  6  0 487   2     510   0       .
  6  0 640   1     157   0       .
  6  0 641   2     703   1       0
  6  0 649   1      99   0       .
  6  0 669   1     191   0       .
  6  1  31   1     365   1       0
  6  1  46   2     297   0       .
  6  1  52   2     366   0       .
  6  1  84   1      72   0       .
  6  1 143   5    1522   0       .
  6  1 166   2     730   0       .
  6  1 167   4     984   1       0
  6  1 169   2     730   0       .
  6  1 171   3     741   1   12908
  6  1 186   4    1326   1       0
  6  1 224   7    1872   2       0
  6  1 227   3     819   0       .
  6  1 233   2     514   0       .
  6  1 267   3     943   2   -1307
  6  1 268   1     365   0       .
  6  1 278   2     365   0       .
  6  1 281   4     730   2   -4299
  6  1 285   1     366   0       .
  6  1 295   3     944   0       .
  6  1 316   2     578   0       .
  6  1 326   3     943   1   15360
  6  1 330   3     730   0       .
  6  1 340   1     214   0       .
  6  1 342   2     730   0       .
  6  1 348   6    1217   3    8241
  6  1 361   1     121   0       .
  6  1 368   4     393   0       .
  6  1 375   2     365   0       .
  6  1 378   1     365   0       .
  6  1 383   2     321   0       .
  6  1 390   1     305   0       .
  6  1 393   3     730   1   -1820
  6  1 399   3     462   2    5137
  6  1 406   1     365   1   28375
  6  1 410   1     382   0       .
  6  1 433   1     213   1   -1820
  6  1 456   3     794   0       .
  6  1 485   1     213   1   -1820
  6  1 487   2     573   1       0
  6  1 641   2     730   0       .
  6  2  31   1     194   0       .
  6  2  52   2     365   0       .
  6  2  84   2     365   0       .
  6  2 143   4     912   1   16960
  6  2 166   2     732   0       .
  6  2 167   2     732   0       .
  6  2 169   4    1010   1    3200
  6  2 186   8    2237   0       .
  6  2 212   2     206   0       .
  6  2 224   3     883   0       .
  6  2 227   2     730   0       .
  6  2 233   1      11   0       .
  6  2 241   1     365   0       .
  6  2 267   2     426   0       .
  6  2 268   1     213   0       .
  6  2 281   4     579   0       .
  6  2 285   1     365   0       .
  6  2 286   1     206   0       .
  6  2 295   3     884   0       .
  6  2 316   1     213   0       .
  6  2 326   3    1095   3   31797
  6  2 330   2     578   0       .
  6  2 339   1      76   0       .
  6  2 340   1     365   2   33003
  6  2 342   2     579   1       0
  6  2 348   5    1315   3   78205
  6  2 356   1     182   0       .
  6  2 360   1     365   0       .
  6  2 368   2     366   0       .
  6  2 375   1      14   0       .
  6  2 378   1     365   0       .
  6  2 383   1     172   0       .
  6  2 390   1     426   0       .
  6  2 393   3     578   0       .
  6  2 399   1     263   1       0
  6  2 406   1     365   1  138413
  6  2 410   1     365   0       .
  6  2 456   4     639   0       .
  6  2 487   1     213   0       .
  6  2 640   1     365   1    5985
  6  2 641   2     426   0       .
  6  3  44   1     273   1   41346
  6  3  52   2     365   1    4737
  6  3  84   3     544   1       0
  6  3 100   2     311   0       .
  6  3 143   3     821   0       .
  6  3 144   1     336   0       .
  6  3 166   4    1460   0       .
  6  3 167   2     730   0       .
  6  3 169   3    1016   5  674850
  6  3 186  12    2931   2       0
  6  3 224  11    2370   2   82097
  6  3 227   2     476   0       .
  6  3 241   1     365   0       .
  6  3 281   4     730   0       .
  6  3 285   1     365   0       .
  6  3 288   1     241   0       .
  6  3 295   3     812   0       .
  6  3 316   1     365   0       .
  6  3 326   3     944   0       .
  6  3 330   1     365   0       .
  6  3 339   3     701   1    6693
  6  3 340   3     497   0       .
  6  3 342   1     365   1   19200
  6  3 348   7    1357   0       .
  6  3 356   1     213   0       .
  6  3 360   1     365   0       .
  6  3 368   4     730   0       .
  6  3 378   3     623   0       .
  6  3 383   2     365   0       .
  6  3 390   3     365   0       .
  6  3 393   2     425   2  -17318
  6  3 398   1     359   0       .
  6  3 406   2     338   0       .
  6  3 439   2     244   2    9600
  6  3 456   2     730   0       .
  6  3 640   1     364   0       .
  6  3 642   1     259   0       .
  6  4  31   1     288   0       .
  6  4  36   2     280   0       .
  6  4  41   7    1035   1    8849
  6  4  44   2     234   0       .
  6  4  45   7     991   0       .
  6  4  46   5     856   0       .
  6  4  52   3     406   0       .
  6  4  56  16    2419   0       .
  6  4  58   2     548   0       .
  6  4  64   6    1886   2    2311
  6  4  68   7    1213   0       .
  6  4  84   8    1390   0       .
  6  4  92   5    1093   1   18000
  6  4 100  12    1744   0       .
  6  4 101  16    4158   2   -1820
  6  4 112   3     783   1       0
  6  4 115   1     332   0       .
  6  4 122   5     671   3  154990
  6  4 135   1     175   0       .
  6  4 140   6    1095   0       .
  6  4 143  21    4504   7  123918
  6  4 144   4    1004   1   34966
  6  4 150   4     120   0       .
  6  4 164   4    1043   0       .
  6  4 166  14    3451   4    7804
  6  4 167  11    3031   1   -1815
  6  4 169  24    6483  10  359310
  6  4 170  49   13009  15  194893
  6  4 171  18    2463   4   11696
  6  4 186  98   21336  11   61998
  6  4 188   3     782   0       .
  6  4 212   5     936   1   65417
  6  4 224  91   20912   8   -3545
  6  4 227  26    8618   4  107864
  6  4 233  25    6011   7  173300
  6  4 241   5    1633   0       .
  6  4 246   2     273   0       .
  6  4 254   1     335   0       .
  6  4 267  34    9738   6   32075
  6  4 268   7    1886   0       .
  6  4 273   1     150   0       .
  6  4 280  28    4812   1       0
  6  4 281  44    6985   4   95722
  6  4 284  11    1904   0       .
  6  4 285  20    5404   0       .
  6  4 286   3     872   0       .
  6  4 288   2     433   0       .
  6  4 289   5     670   0       .
  6  4 295  49    6815   2   47226
  6  4 304  18    2118   0       .
  6  4 316  32    9643   3  283345
  6  4 326  50   15358   5   42623
  6  4 329  30    5044   0       .
  6  4 330  34    9309   5   14329
  6  4 334  10    1905   2   58209
  6  4 339   1      55   0       .
  6  4 340  47   10484  13  237419
  6  4 342  26    7019   6   45180
  6  4 348 126   23969  22  241832
  6  4 353   6    1357   0       .
  6  4 359  41    7551   1   48921
  6  4 360  16    4095   1       0
  6  4 361   8    2192   1   30392
  6  4 368  37    5892   0       .
  6  4 378   9    2883   0       .
  6  4 382  38    1590   0       .
  6  4 383  18    2806   3   32077
  6  4 393  39    8126   1       0
  6  4 398  17    4309   6  163970
  6  4 399   4     708   1       0
  6  4 406  22    3641  10  240591
  6  4 409  15    2404   0       .
  6  4 433   6     986   1    1257
  6  4 439   5     417   1    7384
  6  4 456  12    2637   1   -1815
  6  4 482   5    1065   1    2595
  6  4 484   5     811   0       .
  6  4 485   5    1573   0       .
  6  4 486   2     587   0       .
  6  4 487   2     573   0       .
  6  4 490   2     346   0       .
  6  4 500   4    1094   0       .
  6  4 510   1     238   0       .
  6  4 514   2     325   0       .
  6  4 611   1      51   0       .
  6  4 626   4     943   0       .
  6  4 636   3    1097   0       .
  6  4 640  19    5242   4   92559
  6  4 641  21    5570   7  786484
  6  4 642  18    5683   2    4119
  6  4 643   3     459   0       .
  6  4 644   1      79   0       .
  6  4 649  12    2730   0       .
  6  4 650   2     357   0       .
  6  4 651  11    1752   3  113220
  6  4 652   2     418   0       .
  6  4 668   1       9   0       .
  6  4 669   8    2256   0       .
  7  0 177   4    1114   0       .
  7  0 264   5     897   1  289245
  7  0 311   4     728   0       .
  7  1 177   4     786   1       0
  7  1 264   3    1005   1       0
  7  1 311   2     705   0       .
  7  2  93   1     279   0       .
  7  2 177   2     663   0       .
  7  2 264   5    1096   0       .
  7  2 311   2     731   1       0
  7  2 422   2     366   0       .
  7  3  93   1     309   0       .
  7  3 177   1      25   0       .
  7  3 264   4    1429   1       0
  7  3 311   4    1319   1       0
  7  3 422   1     295   1   53751
  7  4  93   1     366   0       .
  7  4 108   3     731   0       .
  7  4 110  17    3045   0       .
  7  4 121   7     685   0       .
  7  4 177  18    5167   4       0
  7  4 206  13    2239   0       .
  7  4 264  35   10686   1       0
  7  4 311  22    6142   2       0
  7  4 379   3     596   0       .
  7  4 416   5    1246   0       .
  7  4 422   2     304   0       .
  7  4 522   2     425   0       .
