1.10 Volvo  23327  1759
1.15 Volvo  39605  2742
1.20 Volvo  25737  1219
1.25 Volvo   8258   201
1.30 Volvo  19078  1253
1.35 Volvo 140352  9935
1.40 Volvo 176091 13524
1.45 Volvo 180653 13335
1.50 Volvo 110373 10357
1.55 Volvo 133278 15140
1.60 Volvo  59722  7616
1.65 Volvo  33219  4455
1.70 Volvo  15990  2367
1.10 Saab   28232  2381
1.15 Saab   34631  3110
1.20 Saab   56228  6069
1.25 Saab   39595  4134
1.30 Saab   13496  1590
1.35 Saab   23994  2611
1.40 Saab   23891  2746
1.45 Saab   11300  1332
1.50 Saab    3635   553
1.55 Saab    3537   488
1.60 Saab    4918   602
1.65 Saab    4188   503
1.70 Saab    2103   309
1.10 Total  51559  4140
1.15 Total  74236  5852
1.20 Total  81965  7288
1.25 Total  47853  4335
1.30 Total  32574  2843
1.35 Total 164346 12546
1.40 Total 199982 16270
1.45 Total 191953 14667
1.50 Total 114008 10910
1.55 Total 136816 15628
1.60 Total  64640  8218
1.65 Total  37407  4958
1.70 Total  18094  2676
